[sky2.jpg]
filters=finetune2=1,0.000000,0.000000,0.480000,00000000,1.000000;
moddate=043a39ca6efdd401
width=1680
height=1050
textactive=0
